0 0.27665544332211 0.98989898989899 0.28338945005611677 0.787878787878788 0.2564534231200898 0.734006734006734 0.23961840628507294 0.7390572390572391 0.2272727272727273 0.7777777777777778 0.21156004489337824 0.8181818181818182 0.20594837261503932 0.9831649831649832 0.20894874672652453 0.9966666666666667
0 0.2923681257014591 0.7962962962962963 0.3114478114478115 0.8232323232323232 0.4966329966329966 0.7828282828282828 0.5246913580246914 0.7491582491582491 0.5549943883277216 0.7104377104377104 0.5628507295173962 0.6868686868686869 0.5347923681257015 0.6868686868686869 0.4741863075196408 0.6515151515151516 0.2845117845117845 0.6784511784511785 0.2755331088664422 0.7255892255892256
0 0.12738496071829405 0.6178451178451179 0.17003367003367006 0.6363636363636364 0.2194163860830528 0.5555555555555555 0.29012345679012347 0.4208754208754209 0.29124579124579125 0.32996632996632996 0.2665544332210999 0.30976430976430974 0.22166105499438837 0.3367003367003367 0.09595959595959595 0.563973063973064
0 0.1015712682379349 0.5067340067340067 0.11728395061728396 0.5084175084175084 0.1644219977553311 0.4545454545454546 0.16105499438832774 0.4225589225589226 0.08473625140291806 0.2457912457912458 0.046576879910213254 0.23232323232323235 0.027497194163860837 0.24410774410774413 0.030864197530864206 0.335016835016835
0 0.10606060606060606 0.6818181818181819 0.22615039281705948 0.7693602693602694 0.24635241301907967 0.7390572390572391 0.27104377104377103 0.7575757575757576 0.27104377104377103 0.7239057239057239 0.23961840628507294 0.6818181818181819 0.1644219977553311 0.6262626262626263 0.11728395061728396 0.6195286195286195 0.10044893378226712 0.664983164983165
0 0.2923681257014591 0.4814814814814815 0.4147025813692481 0.3232323232323232 0.49214365881032546 0.2895622895622896 0.5033670033670034 0.3181818181818182 0.4719416386083053 0.40404040404040403 0.33726150392817067 0.5656565656565656 0.32042648709315374 0.5673400673400674 0.2991021324354658 0.5387205387205387 0.2878787878787879 0.5050505050505051
0 0.3271604938271605 0.5791245791245792 0.32940516273849607 0.6161616161616161 0.35970819304152635 0.6616161616161617 0.37542087542087543 0.6632996632996633 0.5392817059483727 0.4444444444444445 0.5415263748597082 0.40235690235690236 0.5493827160493828 0.3821548821548822 0.5359147025813693 0.3585858585858586 0.5157126823793491 0.3771043771043771 0.48316498316498313 0.38047138047138046
0 0.4405162738496072 0.18181818181818182 0.46071829405162734 0.26599326599326595 0.49775533108866443 0.2828282828282828 0.5011223344556678 0.30808080808080807 0.521324354657688 0.3148148148148148 0.5291806958473625 0.28787878787878785 0.5224466891133559 0.27104377104377103 0.5303030303030304 0.21043771043771045 0.46969696969696967 0.030303030303030307 0.4405162738496072 0.018518518518518517 0.4113355780022447 0.03535353535353535 0.4090909090909091 0.060606060606060615 0.4371492704826039 0.09090909090909091
0 0.5505050505050505 0.4292929292929293 0.5381593714927049 0.3063973063973064 0.5505050505050505 0.2542087542087542 0.5751964085297419 0.2558922558922559 0.5920314253647586 0.29797979797979796 0.6088664421997755 0.41414141414141414 0.595398428731762 0.4562289562289562 0.5561167227833894 0.4562289562289562
0 0.5920314253647586 0.46296296296296297 0.6021324354657688 0.5370370370370371 0.6245791245791246 0.5505050505050505 0.6369248035914702 0.5 0.6503928170594837 0.430976430976431 0.659371492704826 0.3265993265993266 0.6402918069584735 0.30134680134680136 0.6054994388327721 0.30808080808080807 0.601010101010101 0.3720538720538721 0.6099887766554433 0.4191919191919192
0 0.4988776655443322 0.9848484848484848 0.5056116722783389 0.9326599326599326 0.632435465768799 0.8754208754208754 0.6661054994388327 0.8973063973063973 0.6661054994388327 0.9360269360269361 0.6391694725028058 0.9696969696969698 0.5884029840892584 0.9966666666666667
0 0.6975308641975307 0.872053872053872 0.7065095398428731 0.9141414141414141 0.7401795735129069 0.9797979797979798 0.9489337822671156 0.8552188552188553 0.9680134680134679 0.7996632996632996 0.9590347923681256 0.7592592592592592 0.8939393939393939 0.7592592592592592 0.702020202020202 0.8501683501683501
0 0.686307519640853 0.7424242424242424 0.6436588103254769 0.5437710437710438 0.659371492704826 0.4663299663299663 0.6829405162738497 0.46296296296296297 0.7289562289562289 0.5202020202020202 0.7514029180695847 0.6430976430976431 0.7368125701459034 0.6767676767676768 0.7379349046015712 0.7222222222222222 0.7671156004489338 0.7390572390572391 0.7783389450056116 0.7912457912457913 0.7693602693602694 0.8181818181818182 0.7199775533108865 0.8434343434343434 0.6975308641975307 0.8080808080808081
0 0.7727272727272726 0.7390572390572391 0.9545454545454545 0.7255892255892256 0.9904601571268237 0.6936026936026937 0.9826038159371492 0.6515151515151516 0.9242424242424242 0.6313131313131314 0.7457912457912457 0.6447811447811448 0.7345679012345678 0.6818181818181819 0.7379349046015712 0.7239057239057239
0 0.7558922558922558 0.5707070707070707 0.8793490460157126 0.5959595959595959 0.9971941638608305 0.5521885521885521 0.9977777777777778 0.4786531986531986 0.9971941638608305 0.4107744107744108 0.8759820426487093 0.4461279461279461 0.7772166105499438 0.49326599326599324 0.7334455667789 0.5336700336700336
0 0.7233445566778899 0.5016835016835017 0.7839506172839507 0.5134680134680135 0.8883277216610549 0.4478114478114478 0.878226711560045 0.39225589225589225 0.8569023569023568 0.38047138047138046 0.7424242424242423 0.4208754208754209 0.7053872053872053 0.4494949494949495 0.7065095398428731 0.48821548821548827
